0 deg AoA
Port #	Dynamic	Surface
 	Pressure	Pressure
 	In H2O	In H2O
1.000	2.505	1.390
2.000	2.505	-1.056
3.000	2.510	-0.967
4.000	2.509	-0.878
5.000	2.507	-0.822
6.000	2.506	-0.771
7.000	2.512	-0.713
8.000	2.511	-0.638
9.000	2.509	-0.573
10.000	2.508	-0.510
11.000	2.508	-0.451
12.000	2.504	-0.401
13.000	2.510	-0.319
14.000	2.510	-0.203
15.000	2.509	-0.126
16.000	2.502	-0.065
17.000	2.511	0.007
18.000	2.508	0.099
4 deg AoA
Port #	Dynamic	Surface
 	Pressure	Pressure
 	In H2O	In H2O
1.000	2.546	1.155
2.000	2.543	-1.802
3.000	2.543	-1.508
4.000	2.546	-1.302
5.000	2.544	-1.144
6.000	2.542	-1.049
7.000	2.547	-0.925
8.000	2.543	-0.771
9.000	2.544	-0.674
10.000	2.542	-0.582
11.000	2.546	-0.507
12.000	2.546	-0.437
13.000	2.548	-0.365
14.000	2.546	-0.290
15.000	2.542	-0.220
16.000	2.543	-0.148
17.000	2.539	-0.064
18.000	2.545	0.035
6 deg AoA
Port #	Dynamic	Surface
 	Pressure	Pressure
 	In H2O	In H2O
1.000	2.556	0.937
2.000	2.559	-2.120
3.000	2.561	-1.851
4.000	2.557	-1.337
5.000	2.558	-1.121
6.000	2.556	-1.062
7.000	2.563	-0.963
8.000	2.558	-0.848
9.000	2.555	-0.746
10.000	2.560	-0.643
11.000	2.557	-0.549
12.000	2.560	-0.468
13.000	2.557	-0.387
14.000	2.558	-0.303
15.000	2.562	-0.226
16.000	2.558	-0.147
17.000	2.554	-0.056
18.000	2.558	0.044
8 deg AoA
Port #	Dynamic	Surface
 	Pressure	Pressure
 	In H2O	In H2O
1.000	2.568	0.681
2.000	2.570	-2.467
3.000	2.565	-2.274
4.000	2.572	-1.365
5.000	2.571	-1.267
6.000	2.565	-1.153
7.000	2.570	-1.027
8.000	2.570	-0.897
9.000	2.568	-0.781
10.000	2.567	-0.666
11.000	2.564	-0.565
12.000	2.568	-0.478
13.000	2.564	-0.388
14.000	2.565	-0.299
15.000	2.571	-0.214
16.000	2.566	-0.128
17.000	2.573	-0.036
18.000	2.567	0.066
10 deg AoA
Port #	Dynamic	Surface
 	Pressure	Pressure
 	In H2O	In H2O
1.000	2.562	0.866
2.000	2.562	-0.867
3.000	2.560	-0.967
4.000	2.553	-0.993
5.000	2.563	-0.998
6.000	2.567	-1.066
7.000	2.559	-1.024
8.000	2.563	-1.004
9.000	2.561	-0.991
10.000	2.560	-0.956
11.000	2.566	-1.022
12.000	2.557	-0.961
13.000	2.557	-0.982
14.000	2.565	-0.928
15.000	2.558	-0.923
16.000	2.567	-0.862
17.000	2.562	-0.879
18.000	2.558	-0.817
12 deg AoA
Port #	Dynamic	Surface
 	Pressure	Pressure
 	In H2O	In H2O
1.000	2.553	0.727
2.000	2.547	-0.688
3.000	2.555	-0.754
4.000	2.552	-0.792
5.000	2.554	-0.792
6.000	2.546	-0.805
7.000	2.547	-0.803
8.000	2.550	-0.795
9.000	2.550	-0.796
10.000	2.559	-0.788
11.000	2.551	-0.791
12.000	2.551	-0.805
13.000	2.558	-0.810
14.000	2.554	-0.818
15.000	2.552	-0.820
16.000	2.555	-0.839
17.000	2.550	-0.838
18.000	2.550	-0.838
14 deg AoA
Port #	Dynamic	Surface
 	Pressure	Pressure
 	In H2O	In H2O
1.000	2.545	0.529
2.000	2.552	-0.669
3.000	2.552	-0.745
4.000	2.557	-0.770
5.000	2.555	-0.775
6.000	2.551	-0.817
7.000	2.548	-0.798
8.000	2.550	-0.793
9.000	2.553	-0.808
10.000	2.550	-0.801
11.000	2.555	-0.810
12.000	2.550	-0.814
13.000	2.548	-0.829
14.000	2.551	-0.836
15.000	2.552	-0.842
16.000	2.553	-0.869
17.000	2.550	-0.860
18.000	2.552	-0.867
4 deg AoA
Port #	Dynamic	Surface
 	Pressure	Pressure
 	In H2O	In H2O
1.000	2.567	0.579
2.000	2.570	-1.825
3.000	2.564	-1.661
4.000	2.566	-0.981
5.000	2.567	-0.916
6.000	2.562	-0.867
7.000	2.564	-0.774
8.000	2.566	-0.673
9.000	2.566	-0.590
10.000	2.566	-0.502
11.000	2.564	-0.422
12.000	2.565	-0.352
13.000	2.566	-0.285
14.000	2.562	-0.214
15.000	2.560	-0.148
16.000	2.569	-0.086
17.000	2.567	-0.012
18.000	2.566	0.066
6 deg AoA
Port #	Dynamic	Surface
 	Pressure	Pressure
 	In H2O	In H2O
1.000	2.586	0.104
2.000	2.589	-2.591
3.000	2.588	-1.377
4.000	2.592	-1.263
5.000	2.590	-1.106
6.000	2.586	-1.018
7.000	2.585	-0.890
8.000	2.590	-0.760
9.000	2.584	-0.656
10.000	2.584	-0.550
11.000	2.588	-0.457
12.000	2.587	-0.374
13.000	2.589	-0.295
14.000	2.587	-0.213
15.000	2.588	-0.136
16.000	2.585	-0.067
17.000	2.585	0.015
18.000	2.590	0.094
8 deg AoA
Port #	Dynamic	Surface
 	Pressure	Pressure
 	In H2O	In H2O
1.000	2.609	-0.561
2.000	2.609	-3.401
3.000	2.608	-1.794
4.000	2.607	-1.473
5.000	2.606	-1.250
6.000	2.608	-1.133
7.000	2.603	-0.976
8.000	2.614	-0.827
9.000	2.612	-0.699
10.000	2.604	-0.578
11.000	2.609	-0.468
12.000	2.607	-0.373
13.000	2.603	-0.282
14.000	2.605	-0.195
15.000	2.612	-0.116
16.000	2.603	-0.047
17.000	2.612	0.022
18.000	2.612	0.080
-4 deg AoA
Port #	Dynamic	Surface
 	Pressure	Pressure
 	In H2O	In H2O
1.000	2.451	0.833
2.000	2.454	0.052
3.000	2.448	-0.125
4.000	2.452	-0.196
5.000	2.450	-0.248
6.000	2.453	-0.280
7.000	2.456	-0.282
8.000	2.453	-0.269
9.000	2.452	-0.254
10.000	2.451	-0.228
11.000	2.453	-0.203
12.000	2.459	-0.179
13.000	2.455	-0.153
14.000	2.453	-0.122
15.000	2.451	-0.092
16.000	2.452	-0.063
17.000	2.451	-0.033
18.000	2.451	-0.014
-6 deg AoA
Port #	Dynamic	Surface
 	Pressure	Pressure
 	In H2O	In H2O
1.000	2.417	0.259
2.000	2.422	0.392
3.000	2.422	0.143
4.000	2.419	0.027
5.000	2.418	-0.062
6.000	2.422	-0.114
7.000	2.421	-0.136
8.000	2.424	-0.146
9.000	2.419	-0.146
10.000	2.418	-0.134
11.000	2.415	-0.123
12.000	2.420	-0.110
13.000	2.414	-0.094
14.000	2.415	-0.072
15.000	2.418	-0.049
16.000	2.416	-0.021
17.000	2.418	0.014
18.000	2.422	0.043
-8 deg AoA
Port #	Dynamic	Surface
 	Pressure	Pressure
 	In H2O	In H2O
1.000	2.397	-0.467
2.000	2.394	0.632
3.000	2.390	0.348
4.000	2.395	0.207
5.000	2.395	0.090
6.000	2.396	0.022
7.000	2.392	-0.021
8.000	2.395	-0.051
9.000	2.395	-0.066
10.000	2.393	-0.067
11.000	2.395	-0.070
12.000	2.396	-0.069
13.000	2.389	-0.064
14.000	2.394	-0.055
15.000	2.394	-0.045
16.000	2.396	-0.031
17.000	2.393	-0.010
18.000	2.392	0.020
-10 deg AoA
Port #	Dynamic	Surface
 	Pressure	Pressure
 	In H2O	In H2O
1.000	2.375	-1.143
2.000	2.378	0.763
3.000	2.370	0.481
4.000	2.379	0.334
5.000	2.378	0.201
6.000	2.380	0.123
7.000	2.377	0.068
8.000	2.372	0.022
9.000	2.373	-0.003
10.000	2.376	-0.014
11.000	2.375	-0.027
12.000	2.378	-0.037
13.000	2.379	-0.040
14.000	2.377	-0.040
15.000	2.371	-0.040
16.000	2.375	-0.036
17.000	2.376	-0.025
18.000	2.378	-0.003
-12 deg AoA
Port #	Dynamic	Surface
 	Pressure	Pressure
 	In H2O	In H2O
1.000	2.378	-0.197
2.000	2.375	0.696
3.000	2.375	0.423
4.000	2.377	0.263
5.000	2.379	0.134
6.000	2.379	0.043
7.000	2.376	-0.009
8.000	2.375	-0.061
9.000	2.378	-0.092
10.000	2.380	-0.114
11.000	2.381	-0.129
12.000	2.383	-0.155
13.000	2.382	-0.179
14.000	2.376	-0.178
15.000	2.379	-0.198
16.000	2.376	-0.213
17.000	2.379	-0.227
18.000	2.378	-0.237
-14 deg AoA
Port #	Dynamic	Surface
 	Pressure	Pressure
 	In H2O	In H2O
1.000	2.393	-0.034
2.000	2.386	0.691
3.000	2.393	0.422
4.000	2.387	0.253
5.000	2.387	0.117
6.000	2.390	0.020
7.000	2.388	-0.050
8.000	2.391	-0.110
9.000	2.393	-0.147
10.000	2.394	-0.177
11.000	2.395	-0.207
12.000	2.398	-0.240
13.000	2.391	-0.267
14.000	2.392	-0.296
15.000	2.390	-0.329
16.000	2.393	-0.359
17.000	2.391	-0.391
18.000	2.392	-0.418